[[ 1.    0.    0.    0.    0.    0.    0.    0.    0.    0.    0.    0.
   0.    0.    0.    0.    0.    0.    0.   -0.5   0.    0.    0.    0.
   0.    0.    0.    0.    0.    0.    0.    0.    0.    0.    0.    0.
   0.    0.    0.    0.    0.    0.    0.    0.    0.    0.    0.    0.
   0.    0.    0.    0.    0.    0.    0.    0.    0.    0.    0.    0.
   0.    0.    0.    0.    0.    0.    0.    0.    0.    0.    0.    0.
   0.    0.    0.    0.    0.    0.    0.    0.    0.    0.    0.    0.
   0.    0.    0.    0.    0.    0.    0.    0.    0.    0.    0.    0.
   0.    0.    0.    0.  ]
 [ 0.    1.    0.    0.    0.    0.    0.    0.    0.    0.    0.    0.
   0.    0.    0.    0.    0.    0.    0.    0.    0.   -0.5   0.    0.
   0.    0.    0.    0.    0.    0.    0.    0.    0.    0.    0.    0.
   0.    0.    0.    0.    0.    0.    0.    0.    0.    0.    0.    0.
   0.    0.    0.    0.    0.    0.    0.    0.    0.    0.    0.    0.
   0.    0.    0.    0.    0.    0.    0.    0.    0.    0.    0.    0.
   0.    0.    0.    0.    0.    0.    0.    0.    0.    0.    0.    0.
   0.    0.    0.    0.    0.    0.    0.    0.    0.    0.    0.    0.
   0.    0.    0.    0.  ]
 [ 0.    0.    1.    0.    0.    0.    0.    0.    0.    0.    0.    0.
   0.    0.    0.    0.    0.    0.    0.    0.    0.    0.    0.    0.
   0.    0.    0.    0.    0.    0.    0.    0.    0.    0.    0.    0.
   0.    0.    0.    0.    0.    0.    0.    0.    0.    0.    0.    0.
   0.    0.    0.    0.    0.    0.    0.    0.    0.    0.    0.    0.
   0.    0.    0.    0.    0.    0.    0.    0.    0.    0.    0.    0.
   0.    0.    0.    0.    0.    0.    0.    0.    0.    0.    0.    0.
   0.    0.    0.    0.    0.    0.    0.    0.    0.    0.    0.    0.
   0.    0.    0.    0.  ]
 [ 0.    0.    0.    1.    0.    0.    0.    0.    0.    0.    0.    0.
   0.    0.    0.    0.    0.    0.    0.    0.    0.    0.    0.    0.
   0.   -0.5   0.    0.    0.    0.    0.    0.    0.    0.    0.    0.
   0.    0.    0.    0.    0.    0.    0.    0.    0.    0.    0.    0.
   0.    0.    0.    0.    0.    0.    0.    0.    0.    0.    0.    0.
   0.    0.    0.    0.    0.    0.    0.    0.    0.    0.    0.    0.
   0.    0.    0.    0.    0.    0.    0.    0.    0.    0.    0.    0.
   0.    0.    0.    0.    0.    0.    0.    0.    0.    0.    0.    0.
   0.    0.    0.    0.  ]
 [ 0.    0.    0.    0.    1.    0.    0.    0.    0.    0.    0.    0.
   0.    0.    0.    0.    0.    0.    0.    0.    0.    0.    0.    0.
   0.    0.    0.   -0.5   0.    0.    0.    0.    0.    0.    0.    0.
   0.    0.    0.    0.    0.    0.    0.    0.    0.    0.    0.    0.
   0.    0.    0.    0.    0.    0.    0.    0.    0.    0.    0.    0.
   0.    0.    0.    0.    0.    0.    0.    0.    0.    0.    0.    0.
   0.    0.    0.    0.    0.    0.    0.    0.    0.    0.    0.    0.
   0.    0.    0.    0.    0.    0.    0.    0.    0.    0.    0.    0.
   0.    0.    0.    0.  ]
 [ 0.    0.    0.    0.    0.    1.    0.    0.    0.    0.    0.    0.
   0.    0.    0.    0.    0.    0.    0.    0.    0.    0.    0.    0.
   0.    0.    0.    0.    0.    0.    0.    0.    0.    0.    0.    0.
   0.    0.    0.    0.    0.    0.    0.    0.    0.    0.    0.    0.
   0.    0.    0.    0.    0.    0.    0.    0.    0.    0.    0.    0.
   0.    0.    0.    0.    0.    0.    0.    0.    0.    0.    0.    0.
   0.    0.    0.    0.    0.    0.    0.    0.    0.    0.    0.    0.
   0.    0.    0.    0.    0.    0.    0.    0.    0.    0.    0.    0.
   0.    0.    0.    0.  ]
 [ 0.    0.    0.    0.    0.    0.    1.    0.    0.    0.    0.    0.
   0.    0.    0.    0.    0.    0.    0.    0.    0.    0.    0.    0.
   0.    0.    0.    0.    0.    0.    0.   -0.5   0.    0.    0.    0.
   0.    0.    0.    0.    0.    0.    0.    0.    0.    0.    0.    0.
   0.    0.    0.    0.    0.    0.    0.    0.    0.    0.    0.    0.
   0.    0.    0.    0.    0.    0.    0.    0.    0.    0.    0.    0.
   0.    0.    0.    0.    0.    0.    0.    0.    0.    0.    0.    0.
   0.    0.    0.    0.    0.    0.    0.    0.    0.    0.    0.    0.
   0.    0.    0.    0.  ]
 [ 0.    0.    0.    0.    0.    0.    0.    1.    0.    0.    0.    0.
   0.    0.    0.    0.    0.    0.    0.    0.    0.    0.    0.    0.
   0.    0.    0.    0.    0.    0.    0.    0.    0.   -0.5   0.    0.
   0.    0.    0.    0.    0.    0.    0.    0.    0.    0.    0.    0.
   0.    0.    0.    0.    0.    0.    0.    0.    0.    0.    0.    0.
   0.    0.    0.    0.    0.    0.    0.    0.    0.    0.    0.    0.
   0.    0.    0.    0.    0.    0.    0.    0.    0.    0.    0.    0.
   0.    0.    0.    0.    0.    0.    0.    0.    0.    0.    0.    0.
   0.    0.    0.    0.  ]
 [ 0.    0.    0.    0.    0.    0.    0.    0.    1.    0.    0.    0.
   0.    0.    0.    0.    0.    0.    0.    0.    0.    0.    0.    0.
   0.    0.    0.    0.    0.    0.    0.    0.    0.    0.    0.    0.
   0.    0.    0.    0.    0.    0.    0.    0.    0.    0.    0.    0.
   0.    0.    0.    0.    0.    0.    0.    0.    0.    0.    0.    0.
   0.    0.    0.    0.    0.    0.    0.    0.    0.    0.    0.    0.
   0.    0.    0.    0.    0.    0.    0.    0.    0.    0.    0.    0.
   0.    0.    0.    0.    0.    0.    0.    0.    0.    0.    0.    0.
   0.    0.    0.    0.  ]
 [ 0.    0.    0.    0.    0.    0.    0.    0.    0.    1.    0.    0.
   0.    0.    0.    0.    0.    0.    0.    0.    0.    0.    0.    0.
   0.    0.    0.    0.    0.    0.    0.    0.    0.    0.    0.    0.
   0.    0.    0.    0.    0.    0.    0.    0.    0.    0.    0.    0.
   0.    0.    0.    0.    0.    0.    0.    0.    0.    0.    0.    0.
   0.    0.    0.    0.    0.    0.    0.    0.    0.    0.    0.    0.
   0.    0.    0.    0.    0.    0.    0.    0.    0.    0.    0.    0.
   0.    0.    0.    0.    0.    0.    0.    0.    0.    0.    0.    0.
   0.    0.    0.    0.  ]
 [ 0.    0.    0.    0.    0.    0.    0.    0.    0.    0.    1.    0.
   0.    0.    0.    0.    0.    0.    0.    0.    0.    0.    0.    0.
   0.    0.    0.    0.    0.    0.    0.    0.    0.    0.    0.    0.
   0.    0.    0.    0.    0.    0.    0.    0.    0.    0.    0.    0.
   0.    0.    0.    0.    0.    0.    0.    0.    0.    0.    0.    0.
   0.    0.    0.    0.    0.    0.    0.    0.    0.    0.    0.    0.
   0.    0.    0.    0.    0.    0.    0.    0.    0.    0.    0.    0.
   0.    0.    0.    0.    0.    0.    0.    0.    0.    0.    0.    0.
   0.    0.    0.    0.  ]
 [ 0.    0.    0.    0.    0.    0.    0.    0.    0.    0.    0.    1.
   0.    0.    0.    0.    0.    0.    0.    0.    0.    0.    0.    0.
   0.    0.    0.    0.    0.    0.    0.    0.    0.    0.    0.    0.
   0.    0.    0.    0.    0.    0.    0.    0.    0.    0.    0.    0.
   0.    0.    0.    0.    0.    0.    0.    0.    0.    0.    0.    0.
   0.    0.    0.    0.    0.    0.    0.    0.    0.    0.    0.    0.
   0.    0.    0.    0.    0.    0.    0.    0.    0.    0.    0.    0.
   0.    0.    0.    0.    0.    0.    0.    0.    0.    0.    0.    0.
   0.    0.    0.    0.  ]
 [ 0.    0.    0.    0.    0.    0.    0.    0.    0.    0.    0.    0.
   0.8   0.   -0.2  -0.04  0.    0.    0.   -0.5   0.    0.    0.    0.
   0.    0.    0.    0.    0.    0.    0.    0.    0.    0.    0.    0.
   0.    0.    0.    0.    0.   -0.5   0.    0.    0.    0.    0.    0.
   0.    0.    0.    0.    0.    0.    0.    0.    0.    0.    0.    0.
   0.    0.    0.    0.    0.    0.    0.    0.    0.    0.    0.    0.
   0.    0.    0.    0.    0.    0.    0.    0.    0.    0.    0.    0.
   0.    0.    0.    0.    0.    0.    0.    0.    0.    0.    0.    0.
   0.    0.    0.    0.  ]
 [ 0.    0.    0.    0.    0.    0.    0.    0.    0.    0.    0.    0.
  -0.8   0.8   1.   -0.16  0.    0.    0.    0.    0.   -0.5   0.    0.
   0.    0.    0.    0.    0.    0.    0.    0.    0.    0.    0.    0.
   0.    0.    0.    0.    0.    0.    0.   -0.5   0.    0.    0.    0.
   0.    0.    0.    0.    0.    0.    0.    0.    0.    0.    0.    0.
   0.    0.    0.    0.    0.    0.    0.    0.    0.    0.    0.    0.
   0.    0.    0.    0.    0.    0.    0.    0.    0.    0.    0.    0.
   0.    0.    0.    0.    0.    0.    0.    0.    0.    0.    0.    0.
   0.    0.    0.    0.  ]
 [ 0.    0.    0.    0.    0.    0.    0.    0.    0.    0.    0.    0.
   0.   -0.8   0.    1.    0.    0.    0.    0.    0.    0.    0.    0.
   0.    0.    0.    0.    0.    0.    0.    0.    0.    0.    0.    0.
   0.    0.    0.    0.    0.    0.    0.    0.    0.    0.    0.    0.
   0.    0.    0.    0.    0.    0.    0.    0.    0.    0.    0.    0.
   0.    0.    0.    0.    0.    0.    0.    0.    0.    0.    0.    0.
   0.    0.    0.    0.    0.    0.    0.    0.    0.    0.    0.    0.
   0.    0.    0.    0.    0.    0.    0.    0.    0.    0.    0.    0.
   0.    0.    0.    0.  ]
 [ 0.    0.    0.    0.    0.    0.    0.    0.    0.    0.    0.    0.
   0.    0.   -0.8  -0.16  0.8   0.   -0.2   0.   -0.04  0.    0.    0.
   0.   -0.5   0.    0.    0.    0.    0.    0.    0.    0.    0.    0.
   0.    0.    0.    0.    0.    0.    0.    0.    0.    0.    0.   -0.5
   0.    0.    0.    0.    0.    0.    0.    0.    0.    0.    0.    0.
   0.    0.    0.    0.    0.    0.    0.    0.    0.    0.    0.    0.
   0.    0.    0.    0.    0.    0.    0.    0.    0.    0.    0.    0.
   0.    0.    0.    0.    0.    0.    0.    0.    0.    0.    0.    0.
   0.    0.    0.    0.  ]
 [ 0.    0.    0.    0.    0.    0.    0.    0.    0.    0.    0.    0.
   0.    0.    0.   -0.64 -0.8   0.8   1.    1.   -0.16  0.    0.    0.
   0.    0.    0.   -0.5   0.    0.    0.    0.    0.    0.    0.    0.
   0.    0.    0.    0.    0.    0.    0.    0.    0.    0.    0.    0.
   0.   -0.5   0.    0.    0.    0.    0.    0.    0.    0.    0.    0.
   0.    0.    0.    0.    0.    0.    0.    0.    0.    0.    0.    0.
   0.    0.    0.    0.    0.    0.    0.    0.    0.    0.    0.    0.
   0.    0.    0.    0.    0.    0.    0.    0.    0.    0.    0.    0.
   0.    0.    0.    0.  ]
 [ 0.    0.    0.    0.    0.    0.    0.    0.    0.    0.    0.    0.
   0.    0.    0.    0.    0.   -0.8   0.    0.    1.    1.    0.    0.
   0.    0.    0.    0.    0.    0.    0.    0.    0.    0.    0.    0.
   0.    0.    0.    0.    0.    0.    0.    0.    0.    0.    0.    0.
   0.    0.    0.    0.    0.    0.    0.    0.    0.    0.    0.    0.
   0.    0.    0.    0.    0.    0.    0.    0.    0.    0.    0.    0.
   0.    0.    0.    0.    0.    0.    0.    0.    0.    0.    0.    0.
   0.    0.    0.    0.    0.    0.    0.    0.    0.    0.    0.    0.
   0.    0.    0.    0.  ]
 [ 0.    0.    0.    0.    0.    0.    0.    0.    0.    0.    0.    0.
   0.    0.    0.    0.    0.    0.   -0.8   0.   -0.16  0.    0.8   0.
  -0.2   0.   -0.04  0.    0.    0.    0.   -0.5   0.    0.    0.    0.
   0.    0.    0.    0.    0.    0.    0.    0.    0.    0.    0.    0.
   0.    0.    0.    0.    0.   -0.5   0.    0.    0.    0.    0.    0.
   0.    0.    0.    0.    0.    0.    0.    0.    0.    0.    0.    0.
   0.    0.    0.    0.    0.    0.    0.    0.    0.    0.    0.    0.
   0.    0.    0.    0.    0.    0.    0.    0.    0.    0.    0.    0.
   0.    0.    0.    0.  ]
 [ 0.    0.    0.    0.    0.    0.    0.    0.    0.    0.    0.    0.
   0.    0.    0.    0.    0.    0.    0.    0.   -0.64  0.   -0.8   0.8
   1.    1.   -0.16  0.    0.    0.    0.    0.    0.   -0.5   0.    0.
   0.    0.    0.    0.    0.    0.    0.    0.    0.    0.    0.    0.
   0.    0.    0.    0.    0.    0.    0.   -0.5   0.    0.    0.    0.
   0.    0.    0.    0.    0.    0.    0.    0.    0.    0.    0.    0.
   0.    0.    0.    0.    0.    0.    0.    0.    0.    0.    0.    0.
   0.    0.    0.    0.    0.    0.    0.    0.    0.    0.    0.    0.
   0.    0.    0.    0.  ]
 [ 0.    0.    0.    0.    0.    0.    0.    0.    0.    0.    0.    0.
   0.    0.    0.    0.    0.    0.    0.    0.    0.    0.    0.   -0.8
   0.    0.    1.    1.    0.    0.    0.    0.    0.    0.    0.    0.
   0.    0.    0.    0.    0.    0.    0.    0.    0.    0.    0.    0.
   0.    0.    0.    0.    0.    0.    0.    0.    0.    0.    0.    0.
   0.    0.    0.    0.    0.    0.    0.    0.    0.    0.    0.    0.
   0.    0.    0.    0.    0.    0.    0.    0.    0.    0.    0.    0.
   0.    0.    0.    0.    0.    0.    0.    0.    0.    0.    0.    0.
   0.    0.    0.    0.  ]
 [ 0.    0.    0.    0.    0.    0.    0.    0.    0.    0.    0.    0.
   0.    0.    0.    0.    0.    0.    0.    0.    0.    0.    0.    0.
  -0.8   0.   -0.16  0.    0.8   0.   -1.    0.   -0.2   0.    0.    0.
   0.    0.    0.    0.    0.    0.    0.    0.    0.    0.    0.    0.
   0.    0.    0.    0.    0.    0.    0.    0.    0.    0.    0.    0.
   0.    0.    0.    0.    0.    0.    0.    0.    0.    0.    0.    0.
   0.    0.    0.    0.    0.    0.    0.    0.    0.    0.    0.    0.
   0.    0.    0.    0.    0.    0.    0.    0.    0.    0.    0.    0.
   0.    0.    0.    0.  ]
 [ 0.    0.    0.    0.    0.    0.    0.    0.    0.    0.    0.    0.
   0.    0.    0.    0.    0.    0.    0.    0.    0.    0.    0.    0.
   0.    0.   -0.64  0.   -0.8   0.8   1.    1.   -0.8   0.    0.    0.
   0.    0.    0.    0.    0.    0.    0.    0.    0.    0.    0.    0.
   0.    0.    0.    0.    0.    0.    0.    0.    0.    0.    0.    0.
   0.    0.    0.    0.    0.    0.    0.    0.    0.    0.    0.    0.
   0.    0.    0.    0.    0.    0.    0.    0.    0.    0.    0.    0.
   0.    0.    0.    0.    0.    0.    0.    0.    0.    0.    0.    0.
   0.    0.    0.    0.  ]
 [ 0.    0.    0.    0.    0.    0.    0.    0.    0.    0.    0.    0.
   0.    0.    0.    0.    0.    0.    0.    0.    0.    0.    0.    0.
   0.    0.    0.    0.    0.   -0.8   0.    0.    1.    1.    0.    0.
   0.    0.    0.    0.    0.    0.    0.    0.    0.    0.    0.    0.
   0.    0.    0.    0.    0.    0.    0.    0.    0.    0.    0.    0.
   0.    0.    0.    0.    0.    0.    0.    0.    0.    0.    0.    0.
   0.    0.    0.    0.    0.    0.    0.    0.    0.    0.    0.    0.
   0.    0.    0.    0.    0.    0.    0.    0.    0.    0.    0.    0.
   0.    0.    0.    0.  ]
 [ 0.    0.    0.    0.    0.    0.    0.    0.    0.    0.    0.    0.
   0.    0.    0.    0.    0.    0.    0.    0.    0.    0.    0.    0.
   0.    0.    0.    0.    0.    0.    0.    0.    0.    0.    0.8   0.
  -0.2  -0.04  0.    0.    0.   -0.5   0.    0.    0.    0.    0.    0.
   0.    0.    0.    0.    0.    0.    0.    0.    0.    0.    0.    0.
   0.    0.    0.   -0.5   0.    0.    0.    0.    0.    0.    0.    0.
   0.    0.    0.    0.    0.    0.    0.    0.    0.    0.    0.    0.
   0.    0.    0.    0.    0.    0.    0.    0.    0.    0.    0.    0.
   0.    0.    0.    0.  ]
 [ 0.    0.    0.    0.    0.    0.    0.    0.    0.    0.    0.    0.
   0.    0.    0.    0.    0.    0.    0.    0.    0.    0.    0.    0.
   0.    0.    0.    0.    0.    0.    0.    0.    0.    0.   -0.8   0.8
   1.   -0.16  0.    0.    0.    0.    0.   -0.5   0.    0.    0.    0.
   0.    0.    0.    0.    0.    0.    0.    0.    0.    0.    0.    0.
   0.    0.    0.    0.    0.   -0.5   0.    0.    0.    0.    0.    0.
   0.    0.    0.    0.    0.    0.    0.    0.    0.    0.    0.    0.
   0.    0.    0.    0.    0.    0.    0.    0.    0.    0.    0.    0.
   0.    0.    0.    0.  ]
 [ 0.    0.    0.    0.    0.    0.    0.    0.    0.    0.    0.    0.
   0.    0.    0.    0.    0.    0.    0.    0.    0.    0.    0.    0.
   0.    0.    0.    0.    0.    0.    0.    0.    0.    0.    0.   -0.8
   0.    1.    0.    0.    0.    0.    0.    0.    0.    0.    0.    0.
   0.    0.    0.    0.    0.    0.    0.    0.    0.    0.    0.    0.
   0.    0.    0.    0.    0.    0.    0.    0.    0.    0.    0.    0.
   0.    0.    0.    0.    0.    0.    0.    0.    0.    0.    0.    0.
   0.    0.    0.    0.    0.    0.    0.    0.    0.    0.    0.    0.
   0.    0.    0.    0.  ]
 [ 0.    0.    0.    0.    0.    0.    0.    0.    0.    0.    0.    0.
   0.    0.    0.    0.    0.    0.    0.    0.    0.    0.    0.    0.
   0.    0.    0.    0.    0.    0.    0.    0.    0.    0.    0.    0.
  -0.8  -0.16  0.8   0.   -0.2   0.   -0.04  0.    0.    0.    0.   -0.5
   0.    0.    0.    0.    0.    0.    0.    0.    0.    0.    0.    0.
   0.    0.    0.    0.    0.    0.    0.    0.    0.   -0.5   0.    0.
   0.    0.    0.    0.    0.    0.    0.    0.    0.    0.    0.    0.
   0.    0.    0.    0.    0.    0.    0.    0.    0.    0.    0.    0.
   0.    0.    0.    0.  ]
 [ 0.    0.    0.    0.    0.    0.    0.    0.    0.    0.    0.    0.
   0.    0.    0.    0.    0.    0.    0.    0.    0.    0.    0.    0.
   0.    0.    0.    0.    0.    0.    0.    0.    0.    0.    0.    0.
   0.   -0.64 -0.8   0.8   1.    1.   -0.16  0.    0.    0.    0.    0.
   0.   -0.5   0.    0.    0.    0.    0.    0.    0.    0.    0.    0.
   0.    0.    0.    0.    0.    0.    0.    0.    0.    0.    0.   -0.5
   0.    0.    0.    0.    0.    0.    0.    0.    0.    0.    0.    0.
   0.    0.    0.    0.    0.    0.    0.    0.    0.    0.    0.    0.
   0.    0.    0.    0.  ]
 [ 0.    0.    0.    0.    0.    0.    0.    0.    0.    0.    0.    0.
   0.    0.    0.    0.    0.    0.    0.    0.    0.    0.    0.    0.
   0.    0.    0.    0.    0.    0.    0.    0.    0.    0.    0.    0.
   0.    0.    0.   -0.8   0.    0.    1.    1.    0.    0.    0.    0.
   0.    0.    0.    0.    0.    0.    0.    0.    0.    0.    0.    0.
   0.    0.    0.    0.    0.    0.    0.    0.    0.    0.    0.    0.
   0.    0.    0.    0.    0.    0.    0.    0.    0.    0.    0.    0.
   0.    0.    0.    0.    0.    0.    0.    0.    0.    0.    0.    0.
   0.    0.    0.    0.  ]
 [ 0.    0.    0.    0.    0.    0.    0.    0.    0.    0.    0.    0.
   0.    0.    0.    0.    0.    0.    0.    0.    0.    0.    0.    0.
   0.    0.    0.    0.    0.    0.    0.    0.    0.    0.    0.    0.
   0.    0.    0.    0.   -0.8   0.   -0.16  0.    0.8   0.   -0.2   0.
  -0.04  0.    0.    0.    0.   -0.5   0.    0.    0.    0.    0.    0.
   0.    0.    0.    0.    0.    0.    0.    0.    0.    0.    0.    0.
   0.    0.    0.   -0.5   0.    0.    0.    0.    0.    0.    0.    0.
   0.    0.    0.    0.    0.    0.    0.    0.    0.    0.    0.    0.
   0.    0.    0.    0.  ]
 [ 0.    0.    0.    0.    0.    0.    0.    0.    0.    0.    0.    0.
   0.    0.    0.    0.    0.    0.    0.    0.    0.    0.    0.    0.
   0.    0.    0.    0.    0.    0.    0.    0.    0.    0.    0.    0.
   0.    0.    0.    0.    0.    0.   -0.64  0.   -0.8   0.8   1.    1.
  -0.16  0.    0.    0.    0.    0.    0.   -0.5   0.    0.    0.    0.
   0.    0.    0.    0.    0.    0.    0.    0.    0.    0.    0.    0.
   0.    0.    0.    0.    0.   -0.5   0.    0.    0.    0.    0.    0.
   0.    0.    0.    0.    0.    0.    0.    0.    0.    0.    0.    0.
   0.    0.    0.    0.  ]
 [ 0.    0.    0.    0.    0.    0.    0.    0.    0.    0.    0.    0.
   0.    0.    0.    0.    0.    0.    0.    0.    0.    0.    0.    0.
   0.    0.    0.    0.    0.    0.    0.    0.    0.    0.    0.    0.
   0.    0.    0.    0.    0.    0.    0.    0.    0.   -0.8   0.    0.
   1.    1.    0.    0.    0.    0.    0.    0.    0.    0.    0.    0.
   0.    0.    0.    0.    0.    0.    0.    0.    0.    0.    0.    0.
   0.    0.    0.    0.    0.    0.    0.    0.    0.    0.    0.    0.
   0.    0.    0.    0.    0.    0.    0.    0.    0.    0.    0.    0.
   0.    0.    0.    0.  ]
 [ 0.    0.    0.    0.    0.    0.    0.    0.    0.    0.    0.    0.
   0.    0.    0.    0.    0.    0.    0.    0.    0.    0.    0.    0.
   0.    0.    0.    0.    0.    0.    0.    0.    0.    0.    0.    0.
   0.    0.    0.    0.    0.    0.    0.    0.    0.    0.   -0.8   0.
  -0.16  0.    0.8   0.   -1.    0.   -0.2   0.    0.    0.    0.    0.
   0.    0.    0.    0.    0.    0.    0.    0.    0.    0.    0.    0.
   0.    0.    0.    0.    0.    0.    0.    0.    0.    0.    0.    0.
   0.    0.    0.    0.    0.    0.    0.    0.    0.    0.    0.    0.
   0.    0.    0.    0.  ]
 [ 0.    0.    0.    0.    0.    0.    0.    0.    0.    0.    0.    0.
   0.    0.    0.    0.    0.    0.    0.    0.    0.    0.    0.    0.
   0.    0.    0.    0.    0.    0.    0.    0.    0.    0.    0.    0.
   0.    0.    0.    0.    0.    0.    0.    0.    0.    0.    0.    0.
  -0.64  0.   -0.8   0.8   1.    1.   -0.8   0.    0.    0.    0.    0.
   0.    0.    0.    0.    0.    0.    0.    0.    0.    0.    0.    0.
   0.    0.    0.    0.    0.    0.    0.    0.    0.    0.    0.    0.
   0.    0.    0.    0.    0.    0.    0.    0.    0.    0.    0.    0.
   0.    0.    0.    0.  ]
 [ 0.    0.    0.    0.    0.    0.    0.    0.    0.    0.    0.    0.
   0.    0.    0.    0.    0.    0.    0.    0.    0.    0.    0.    0.
   0.    0.    0.    0.    0.    0.    0.    0.    0.    0.    0.    0.
   0.    0.    0.    0.    0.    0.    0.    0.    0.    0.    0.    0.
   0.    0.    0.   -0.8   0.    0.    1.    1.    0.    0.    0.    0.
   0.    0.    0.    0.    0.    0.    0.    0.    0.    0.    0.    0.
   0.    0.    0.    0.    0.    0.    0.    0.    0.    0.    0.    0.
   0.    0.    0.    0.    0.    0.    0.    0.    0.    0.    0.    0.
   0.    0.    0.    0.  ]
 [ 0.    0.    0.    0.    0.    0.    0.    0.    0.    0.    0.    0.
   0.    0.    0.    0.    0.    0.    0.    0.    0.    0.    0.    0.
   0.    0.    0.    0.    0.    0.    0.    0.    0.    0.    0.    0.
   0.    0.    0.    0.    0.    0.    0.    0.    0.    0.    0.    0.
   0.    0.    0.    0.    0.    0.    0.    0.    0.8   0.   -0.2  -0.04
   0.    0.    0.   -0.5   0.    0.    0.    0.    0.    0.    0.    0.
   0.    0.    0.    0.    0.    0.    0.    0.    0.    0.    0.    0.
   0.   -0.5   0.    0.    0.    0.    0.    0.    0.    0.    0.    0.
   0.    0.    0.    0.  ]
 [ 0.    0.    0.    0.    0.    0.    0.    0.    0.    0.    0.    0.
   0.    0.    0.    0.    0.    0.    0.    0.    0.    0.    0.    0.
   0.    0.    0.    0.    0.    0.    0.    0.    0.    0.    0.    0.
   0.    0.    0.    0.    0.    0.    0.    0.    0.    0.    0.    0.
   0.    0.    0.    0.    0.    0.    0.    0.   -0.8   0.8   1.   -0.16
   0.    0.    0.    0.    0.   -0.5   0.    0.    0.    0.    0.    0.
   0.    0.    0.    0.    0.    0.    0.    0.    0.    0.    0.    0.
   0.    0.    0.   -0.5   0.    0.    0.    0.    0.    0.    0.    0.
   0.    0.    0.    0.  ]
 [ 0.    0.    0.    0.    0.    0.    0.    0.    0.    0.    0.    0.
   0.    0.    0.    0.    0.    0.    0.    0.    0.    0.    0.    0.
   0.    0.    0.    0.    0.    0.    0.    0.    0.    0.    0.    0.
   0.    0.    0.    0.    0.    0.    0.    0.    0.    0.    0.    0.
   0.    0.    0.    0.    0.    0.    0.    0.    0.   -0.8   0.    1.
   0.    0.    0.    0.    0.    0.    0.    0.    0.    0.    0.    0.
   0.    0.    0.    0.    0.    0.    0.    0.    0.    0.    0.    0.
   0.    0.    0.    0.    0.    0.    0.    0.    0.    0.    0.    0.
   0.    0.    0.    0.  ]
 [ 0.    0.    0.    0.    0.    0.    0.    0.    0.    0.    0.    0.
   0.    0.    0.    0.    0.    0.    0.    0.    0.    0.    0.    0.
   0.    0.    0.    0.    0.    0.    0.    0.    0.    0.    0.    0.
   0.    0.    0.    0.    0.    0.    0.    0.    0.    0.    0.    0.
   0.    0.    0.    0.    0.    0.    0.    0.    0.    0.   -0.8  -0.16
   0.8   0.   -0.2   0.   -0.04  0.    0.    0.    0.   -0.5   0.    0.
   0.    0.    0.    0.    0.    0.    0.    0.    0.    0.    0.    0.
   0.    0.    0.    0.    0.    0.    0.   -0.5   0.    0.    0.    0.
   0.    0.    0.    0.  ]
 [ 0.    0.    0.    0.    0.    0.    0.    0.    0.    0.    0.    0.
   0.    0.    0.    0.    0.    0.    0.    0.    0.    0.    0.    0.
   0.    0.    0.    0.    0.    0.    0.    0.    0.    0.    0.    0.
   0.    0.    0.    0.    0.    0.    0.    0.    0.    0.    0.    0.
   0.    0.    0.    0.    0.    0.    0.    0.    0.    0.    0.   -0.64
  -0.8   0.8   1.    1.   -0.16  0.    0.    0.    0.    0.    0.   -0.5
   0.    0.    0.    0.    0.    0.    0.    0.    0.    0.    0.    0.
   0.    0.    0.    0.    0.    0.    0.    0.    0.   -0.5   0.    0.
   0.    0.    0.    0.  ]
 [ 0.    0.    0.    0.    0.    0.    0.    0.    0.    0.    0.    0.
   0.    0.    0.    0.    0.    0.    0.    0.    0.    0.    0.    0.
   0.    0.    0.    0.    0.    0.    0.    0.    0.    0.    0.    0.
   0.    0.    0.    0.    0.    0.    0.    0.    0.    0.    0.    0.
   0.    0.    0.    0.    0.    0.    0.    0.    0.    0.    0.    0.
   0.   -0.8   0.    0.    1.    1.    0.    0.    0.    0.    0.    0.
   0.    0.    0.    0.    0.    0.    0.    0.    0.    0.    0.    0.
   0.    0.    0.    0.    0.    0.    0.    0.    0.    0.    0.    0.
   0.    0.    0.    0.  ]
 [ 0.    0.    0.    0.    0.    0.    0.    0.    0.    0.    0.    0.
   0.    0.    0.    0.    0.    0.    0.    0.    0.    0.    0.    0.
   0.    0.    0.    0.    0.    0.    0.    0.    0.    0.    0.    0.
   0.    0.    0.    0.    0.    0.    0.    0.    0.    0.    0.    0.
   0.    0.    0.    0.    0.    0.    0.    0.    0.    0.    0.    0.
   0.    0.   -0.8   0.   -0.16  0.    0.8   0.   -0.2   0.   -0.04  0.
   0.    0.    0.   -0.5   0.    0.    0.    0.    0.    0.    0.    0.
   0.    0.    0.    0.    0.    0.    0.    0.    0.    0.    0.    0.
   0.   -0.5   0.    0.  ]
 [ 0.    0.    0.    0.    0.    0.    0.    0.    0.    0.    0.    0.
   0.    0.    0.    0.    0.    0.    0.    0.    0.    0.    0.    0.
   0.    0.    0.    0.    0.    0.    0.    0.    0.    0.    0.    0.
   0.    0.    0.    0.    0.    0.    0.    0.    0.    0.    0.    0.
   0.    0.    0.    0.    0.    0.    0.    0.    0.    0.    0.    0.
   0.    0.    0.    0.   -0.64  0.   -0.8   0.8   1.    1.   -0.16  0.
   0.    0.    0.    0.    0.   -0.5   0.    0.    0.    0.    0.    0.
   0.    0.    0.    0.    0.    0.    0.    0.    0.    0.    0.    0.
   0.    0.    0.   -0.5 ]
 [ 0.    0.    0.    0.    0.    0.    0.    0.    0.    0.    0.    0.
   0.    0.    0.    0.    0.    0.    0.    0.    0.    0.    0.    0.
   0.    0.    0.    0.    0.    0.    0.    0.    0.    0.    0.    0.
   0.    0.    0.    0.    0.    0.    0.    0.    0.    0.    0.    0.
   0.    0.    0.    0.    0.    0.    0.    0.    0.    0.    0.    0.
   0.    0.    0.    0.    0.    0.    0.   -0.8   0.    0.    1.    1.
   0.    0.    0.    0.    0.    0.    0.    0.    0.    0.    0.    0.
   0.    0.    0.    0.    0.    0.    0.    0.    0.    0.    0.    0.
   0.    0.    0.    0.  ]
 [ 0.    0.    0.    0.    0.    0.    0.    0.    0.    0.    0.    0.
   0.    0.    0.    0.    0.    0.    0.    0.    0.    0.    0.    0.
   0.    0.    0.    0.    0.    0.    0.    0.    0.    0.    0.    0.
   0.    0.    0.    0.    0.    0.    0.    0.    0.    0.    0.    0.
   0.    0.    0.    0.    0.    0.    0.    0.    0.    0.    0.    0.
   0.    0.    0.    0.    0.    0.    0.    0.   -0.8   0.   -0.16  0.
   0.8   0.   -1.    0.   -0.2   0.    0.    0.    0.    0.    0.    0.
   0.    0.    0.    0.    0.    0.    0.    0.    0.    0.    0.    0.
   0.    0.    0.    0.  ]
 [ 0.    0.    0.    0.    0.    0.    0.    0.    0.    0.    0.    0.
   0.    0.    0.    0.    0.    0.    0.    0.    0.    0.    0.    0.
   0.    0.    0.    0.    0.    0.    0.    0.    0.    0.    0.    0.
   0.    0.    0.    0.    0.    0.    0.    0.    0.    0.    0.    0.
   0.    0.    0.    0.    0.    0.    0.    0.    0.    0.    0.    0.
   0.    0.    0.    0.    0.    0.    0.    0.    0.    0.   -0.64  0.
  -0.8   0.8   1.    1.   -0.8   0.    0.    0.    0.    0.    0.    0.
   0.    0.    0.    0.    0.    0.    0.    0.    0.    0.    0.    0.
   0.    0.    0.    0.  ]
 [ 0.    0.    0.    0.    0.    0.    0.    0.    0.    0.    0.    0.
   0.    0.    0.    0.    0.    0.    0.    0.    0.    0.    0.    0.
   0.    0.    0.    0.    0.    0.    0.    0.    0.    0.    0.    0.
   0.    0.    0.    0.    0.    0.    0.    0.    0.    0.    0.    0.
   0.    0.    0.    0.    0.    0.    0.    0.    0.    0.    0.    0.
   0.    0.    0.    0.    0.    0.    0.    0.    0.    0.    0.    0.
   0.   -0.8   0.    0.    1.    1.    0.    0.    0.    0.    0.    0.
   0.    0.    0.    0.    0.    0.    0.    0.    0.    0.    0.    0.
   0.    0.    0.    0.  ]
 [ 0.    0.    0.    0.    0.    0.    0.    0.    0.    0.    0.    0.
   0.    0.    0.    0.    0.    0.    0.    0.    0.    0.    0.    0.
   0.    0.    0.    0.    0.    0.    0.    0.    0.    0.    0.    0.
   0.    0.    0.    0.    0.    0.    0.    0.    0.    0.    0.    0.
   0.    0.    0.    0.    0.    0.    0.    0.    0.    0.    0.    0.
   0.    0.    0.    0.    0.    0.    0.    0.    0.    0.    0.    0.
   0.    0.    0.    0.    0.    0.    0.8   0.   -0.2  -0.04  0.    0.
   0.   -0.5   0.    0.    0.    0.    0.    0.    0.    0.    0.    0.
   0.    0.    0.    0.  ]
 [ 0.    0.    0.    0.    0.    0.    0.    0.    0.    0.    0.    0.
   0.    0.    0.    0.    0.    0.    0.    0.    0.    0.    0.    0.
   0.    0.    0.    0.    0.    0.    0.    0.    0.    0.    0.    0.
   0.    0.    0.    0.    0.    0.    0.    0.    0.    0.    0.    0.
   0.    0.    0.    0.    0.    0.    0.    0.    0.    0.    0.    0.
   0.    0.    0.    0.    0.    0.    0.    0.    0.    0.    0.    0.
   0.    0.    0.    0.    0.    0.   -0.8   0.8   1.   -0.16  0.    0.
   0.    0.    0.   -0.5   0.    0.    0.    0.    0.    0.    0.    0.
   0.    0.    0.    0.  ]
 [ 0.    0.    0.    0.    0.    0.    0.    0.    0.    0.    0.    0.
   0.    0.    0.    0.    0.    0.    0.    0.    0.    0.    0.    0.
   0.    0.    0.    0.    0.    0.    0.    0.    0.    0.    0.    0.
   0.    0.    0.    0.    0.    0.    0.    0.    0.    0.    0.    0.
   0.    0.    0.    0.    0.    0.    0.    0.    0.    0.    0.    0.
   0.    0.    0.    0.    0.    0.    0.    0.    0.    0.    0.    0.
   0.    0.    0.    0.    0.    0.    0.   -0.8   0.    1.    0.    0.
   0.    0.    0.    0.    0.    0.    0.    0.    0.    0.    0.    0.
   0.    0.    0.    0.  ]
 [ 0.    0.    0.    0.    0.    0.    0.    0.    0.    0.    0.    0.
   0.    0.    0.    0.    0.    0.    0.    0.    0.    0.    0.    0.
   0.    0.    0.    0.    0.    0.    0.    0.    0.    0.    0.    0.
   0.    0.    0.    0.    0.    0.    0.    0.    0.    0.    0.    0.
   0.    0.    0.    0.    0.    0.    0.    0.    0.    0.    0.    0.
   0.    0.    0.    0.    0.    0.    0.    0.    0.    0.    0.    0.
   0.    0.    0.    0.    0.    0.    0.    0.   -0.8  -0.16  0.8   0.
  -0.2   0.   -0.04  0.    0.    0.    0.   -0.5   0.    0.    0.    0.
   0.    0.    0.    0.  ]
 [ 0.    0.    0.    0.    0.    0.    0.    0.    0.    0.    0.    0.
   0.    0.    0.    0.    0.    0.    0.    0.    0.    0.    0.    0.
   0.    0.    0.    0.    0.    0.    0.    0.    0.    0.    0.    0.
   0.    0.    0.    0.    0.    0.    0.    0.    0.    0.    0.    0.
   0.    0.    0.    0.    0.    0.    0.    0.    0.    0.    0.    0.
   0.    0.    0.    0.    0.    0.    0.    0.    0.    0.    0.    0.
   0.    0.    0.    0.    0.    0.    0.    0.    0.   -0.64 -0.8   0.8
   1.    1.   -0.16  0.    0.    0.    0.    0.    0.   -0.5   0.    0.
   0.    0.    0.    0.  ]
 [ 0.    0.    0.    0.    0.    0.    0.    0.    0.    0.    0.    0.
   0.    0.    0.    0.    0.    0.    0.    0.    0.    0.    0.    0.
   0.    0.    0.    0.    0.    0.    0.    0.    0.    0.    0.    0.
   0.    0.    0.    0.    0.    0.    0.    0.    0.    0.    0.    0.
   0.    0.    0.    0.    0.    0.    0.    0.    0.    0.    0.    0.
   0.    0.    0.    0.    0.    0.    0.    0.    0.    0.    0.    0.
   0.    0.    0.    0.    0.    0.    0.    0.    0.    0.    0.   -0.8
   0.    0.    1.    1.    0.    0.    0.    0.    0.    0.    0.    0.
   0.    0.    0.    0.  ]
 [ 0.    0.    0.    0.    0.    0.    0.    0.    0.    0.    0.    0.
   0.    0.    0.    0.    0.    0.    0.    0.    0.    0.    0.    0.
   0.    0.    0.    0.    0.    0.    0.    0.    0.    0.    0.    0.
   0.    0.    0.    0.    0.    0.    0.    0.    0.    0.    0.    0.
   0.    0.    0.    0.    0.    0.    0.    0.    0.    0.    0.    0.
   0.    0.    0.    0.    0.    0.    0.    0.    0.    0.    0.    0.
   0.    0.    0.    0.    0.    0.    0.    0.    0.    0.    0.    0.
  -0.8   0.   -0.16  0.    0.8   0.   -0.2   0.   -0.04  0.    0.    0.
   0.   -0.5   0.    0.  ]
 [ 0.    0.    0.    0.    0.    0.    0.    0.    0.    0.    0.    0.
   0.    0.    0.    0.    0.    0.    0.    0.    0.    0.    0.    0.
   0.    0.    0.    0.    0.    0.    0.    0.    0.    0.    0.    0.
   0.    0.    0.    0.    0.    0.    0.    0.    0.    0.    0.    0.
   0.    0.    0.    0.    0.    0.    0.    0.    0.    0.    0.    0.
   0.    0.    0.    0.    0.    0.    0.    0.    0.    0.    0.    0.
   0.    0.    0.    0.    0.    0.    0.    0.    0.    0.    0.    0.
   0.    0.   -0.64  0.   -0.8   0.8   1.    1.   -0.16  0.    0.    0.
   0.    0.    0.   -0.5 ]
 [ 0.    0.    0.    0.    0.    0.    0.    0.    0.    0.    0.    0.
   0.    0.    0.    0.    0.    0.    0.    0.    0.    0.    0.    0.
   0.    0.    0.    0.    0.    0.    0.    0.    0.    0.    0.    0.
   0.    0.    0.    0.    0.    0.    0.    0.    0.    0.    0.    0.
   0.    0.    0.    0.    0.    0.    0.    0.    0.    0.    0.    0.
   0.    0.    0.    0.    0.    0.    0.    0.    0.    0.    0.    0.
   0.    0.    0.    0.    0.    0.    0.    0.    0.    0.    0.    0.
   0.    0.    0.    0.    0.   -0.8   0.    0.    1.    1.    0.    0.
   0.    0.    0.    0.  ]
 [ 0.    0.    0.    0.    0.    0.    0.    0.    0.    0.    0.    0.
   0.    0.    0.    0.    0.    0.    0.    0.    0.    0.    0.    0.
   0.    0.    0.    0.    0.    0.    0.    0.    0.    0.    0.    0.
   0.    0.    0.    0.    0.    0.    0.    0.    0.    0.    0.    0.
   0.    0.    0.    0.    0.    0.    0.    0.    0.    0.    0.    0.
   0.    0.    0.    0.    0.    0.    0.    0.    0.    0.    0.    0.
   0.    0.    0.    0.    0.    0.    0.    0.    0.    0.    0.    0.
   0.    0.    0.    0.    0.    0.   -0.8   0.   -0.16  0.    0.8   0.
  -1.    0.   -0.2   0.  ]
 [ 0.    0.    0.    0.    0.    0.    0.    0.    0.    0.    0.    0.
   0.    0.    0.    0.    0.    0.    0.    0.    0.    0.    0.    0.
   0.    0.    0.    0.    0.    0.    0.    0.    0.    0.    0.    0.
   0.    0.    0.    0.    0.    0.    0.    0.    0.    0.    0.    0.
   0.    0.    0.    0.    0.    0.    0.    0.    0.    0.    0.    0.
   0.    0.    0.    0.    0.    0.    0.    0.    0.    0.    0.    0.
   0.    0.    0.    0.    0.    0.    0.    0.    0.    0.    0.    0.
   0.    0.    0.    0.    0.    0.    0.    0.   -0.64  0.   -0.8   0.8
   1.    1.   -0.8   0.  ]
 [ 0.    0.    0.    0.    0.    0.    0.    0.    0.    0.    0.    0.
   0.    0.    0.    0.    0.    0.    0.    0.    0.    0.    0.    0.
   0.    0.    0.    0.    0.    0.    0.    0.    0.    0.    0.    0.
   0.    0.    0.    0.    0.    0.    0.    0.    0.    0.    0.    0.
   0.    0.    0.    0.    0.    0.    0.    0.    0.    0.    0.    0.
   0.    0.    0.    0.    0.    0.    0.    0.    0.    0.    0.    0.
   0.    0.    0.    0.    0.    0.    0.    0.    0.    0.    0.    0.
   0.    0.    0.    0.    0.    0.    0.    0.    0.    0.    0.   -0.8
   0.    0.    1.    1.  ]]

12.0
(60, 1)
[[ 1.   0.   0.  ...  0.   0.   0. ]
 [ 0.   1.   0.  ...  0.   0.   0. ]
 [ 0.   0.   1.  ...  0.   0.   0. ]
 ...
 [ 0.   0.   0.  ...  0.  -0.2  0. ]
 [ 0.   0.   0.  ...  1.  -0.8  0. ]
 [ 0.   0.   0.  ...  0.   1.   1. ]] * x
{(0, 0, 0): 'NOOP', (0, 0, 1): 'NOOP', (0, 0, 2): 'NOOP', (0, 1, 0): 'NOOP', (0, 1, 1): 'NOOP', (0, 1, 2): 'NOOP', (0, 2, 0): 'NOOP', (0, 2, 1): 'NOOP', (0, 2, 2): 'NOOP', (0, 3, 0): 'NOOP', (0, 3, 1): 'NOOP', (0, 3, 2): 'NOOP', (1, 0, 0): 'RECHARGE', (1, 0, 1): 'DODGE', (1, 0, 2): 'DODGE', (1, 1, 0): 'RECHARGE', (1, 1, 1): 'SHOOT', (1, 1, 2): 'SHOOT', (1, 2, 0): 'RECHARGE', (1, 2, 1): 'SHOOT', (1, 2, 2): 'SHOOT', (1, 3, 0): 'RECHARGE', (1, 3, 1): 'SHOOT', (1, 3, 2): 'SHOOT', (2, 0, 0): 'RECHARGE', (2, 0, 1): 'DODGE', (2, 0, 2): 'DODGE', (2, 1, 0): 'RECHARGE', (2, 1, 1): 'DODGE', (2, 1, 2): 'SHOOT', (2, 2, 0): 'RECHARGE', (2, 2, 1): 'RECHARGE', (2, 2, 2): 'SHOOT', (2, 3, 0): 'RECHARGE', (2, 3, 1): 'RECHARGE', (2, 3, 2): 'SHOOT', (3, 0, 0): 'RECHARGE', (3, 0, 1): 'DODGE', (3, 0, 2): 'DODGE', (3, 1, 0): 'RECHARGE', (3, 1, 1): 'RECHARGE', (3, 1, 2): 'SHOOT', (3, 2, 0): 'RECHARGE', (3, 2, 1): 'DODGE', (3, 2, 2): 'SHOOT', (3, 3, 0): 'RECHARGE', (3, 3, 1): 'RECHARGE', (3, 3, 2): 'SHOOT', (4, 0, 0): 'RECHARGE', (4, 0, 1): 'DODGE', (4, 0, 2): 'DODGE', (4, 1, 0): 'RECHARGE', (4, 1, 1): 'RECHARGE', (4, 1, 2): 'SHOOT', (4, 2, 0): 'RECHARGE', (4, 2, 1): 'DODGE', (4, 2, 2): 'SHOOT', (4, 3, 0): 'RECHARGE', (4, 3, 1): 'RECHARGE', (4, 3, 2): 'SHOOT'}
[ 1.00000000e+00  4.52049848e-11  3.30743731e-13  4.10939323e-11
  2.17291416e-11  3.30743731e-13 -2.65857394e-12  1.72326928e-11
  3.30743731e-13  3.30743731e-13  3.30743731e-13  3.30743731e-13
  1.99058906e+00  1.44879798e-10  1.85656984e+00  1.15935574e-10
  2.10409980e+00  7.74671262e-11 -1.42841802e-11  2.00000000e+00
 -2.76549394e-11  9.00082044e-11  9.07576436e-11  2.37303356e-11
  5.91195552e-11  8.19732598e-11 -2.38404250e-11  4.30519407e-11
 -2.00371103e-11 -2.07733440e-11 -4.91392950e-11 -5.73493389e-12
 -5.03085689e-11  3.39838115e-11  7.30937747e-01  3.35429691e-10
  1.03003535e+00  2.68413341e-10  1.66857663e+00  6.60246478e-01
  8.95628357e-01  4.42314564e-01  5.43998147e-11  5.28197182e-01
  1.06475342e+00  7.91800394e-01  4.33243198e-10  3.96047938e-01
  5.26626274e-13  6.33440316e-01  3.66170304e-10  1.79484141e-10
 -4.37989429e-11  1.61596963e-10 -3.95437566e-11  1.84246095e-10
  4.21263396e-01  3.28168434e-10  5.87737041e-01  2.62472966e-10
  9.84240521e-01  4.52966414e-01  4.52419573e-01  3.15171689e-01
  1.70928535e-11  3.62373131e-01  9.12320967e-01  5.36396598e-01
  7.82463920e-01  2.67366765e-01  4.12309253e-11  4.29117279e-01
  7.82463920e-01  4.44213801e-01 -4.67223305e-11  2.70600095e-01
 -3.70271248e-11  3.55371041e-01  1.18414712e-01  5.93255742e-10
  1.64271528e-01  4.73749584e-10  3.08575762e-01  1.73849397e-01
  1.12039501e-01  1.23754928e-01  9.85797599e-11  1.39079518e-01
  2.99408576e-01  3.20033344e-01  3.68834883e-01  1.86070973e-01
  4.52511111e-11  2.56026675e-01  3.68834882e-01  1.78514173e-01
 -5.93134686e-11  1.52256567e-01 -5.64672248e-11  1.14281134e+00]
-591.2499999897543
